100 60 25000 23529.800000 11323.251740 16000000 1 # Sequential
100 20.780073 25000 23529.800000 11323.251740 16000000 1 # Parallel CPU
100 6.723695 25000 23529.800000 34995.340896 16000000 
100 0.539390 25000 23529.800000 436229.937518 16000000 
5 0.004607 250 0.006750 14.651737 2000 
100 0.026634 1000 941.192000 353380.183721 16000000 
100 0.028329 1000 941.192000 332237.449114 16000000 
100 0.274997 1000 941.192000 34225.537513 16000000 
50 0.108487 1000 110.592000 10194.042726 2000000 
50 0.077411 1000 110.592000 14286.353480 2000000 
50 0.012720 1000 110.592000 86944.287449 2000000 
50 0.012656 1000 110.592000 87383.242840 2000000 
50 0.012748 1000 110.592000 86752.411298 2000000 
50 0.012671 1000 110.592000 87279.657541 2000000 
50 0.012664 1000 110.592000 87327.309142 2000000 
50 0.012573 1000 110.592000 87959.887735 2000000 
50 0.002481 1 0.110592 445.758666 2000000 
50 0.002798 1 0.110592 395.276070 2000000 
50 1.685293 1000 110.592000 656.218252 2000000 
50 0.014607 1000 110.592000 75710.654670 2000000 
50 0.056527 20 2.211840 391.289815 2000000 
